EMU8086 GENERATED LISTING. MACHINE CODE <- SOURCE.
 
Code.com_ -- emu8086 assembler version: 4.08  
 
[ 5/26/2025  --  12:03:30 PM ] 
 
===================================================================================================
[LINE]     LOC: MACHINE CODE                          SOURCE
===================================================================================================
 
[   1]        :                                       ; Siddharth Rajan
[   2]        :                                       ; CSC 21000
[   3]        :                                       ; Project 2: Text Editor
[   4]        :                                       ; Program to implement basic text editor, open, read, write, and save a file.
[   5]        :                                       
[   6]        :                                       .model tiny
[   7]        :                                       org 100h
[   8]    0100: E9 DD 07                              .data
[   9]        :                                       WS  equ  20h
[  10]    0103: 74 78 74 33 2E 74 78 74 00            filename db 'txt3.txt', 0	
[  11]    010C: 00 00                                 handle dw 0
[  12]    010E: 00 00 00 00 00 00 00 00 00 00 00 00   buffer db 2000 DUP(?)
                00 00 00 00 00 00 00 00 00 00 00 00 
                00 00 00 00 00 00 00 00 00 00 00 00 
                00 00 00 00 00 00 00 00 00 00 00 00 
                00 00 00 00 00 00 00 00 00 00 00 00 
                00 00 00 00 00 00 00 00 00 00 00 00 
                00 00 00 00 00 00 00 00 00 00 00 00 
                00 00 00 00 00 00 00 00 00 00 00 00 
                00 00 00 00 00 00 00 00 00 00 00 00 
                00 00 00 00 00 00 00 00 00 00 00 00 
                00 00 00 00 00 00 00 00 00 00 00 00 
                00 00 00 00 00 00 00 00 00 00 00 00 
                00 00 00 00 00 00 00 00 00 00 00 00 
                00 00 00 00 00 00 00 00 00 00 00 00 
                00 00 00 00 00 00 00 00 00 00 00 00 
                00 00 00 00 00 00 00 00 00 00 00 00 
                00 00 00 00 00 00 00 00 00 00 00 00 
                00 00 00 00 00 00 00 00 00 00 00 00 
                00 00 00 00 00 00 00 00 00 00 00 00 
                00 00 00 00 00 00 00 00 00 00 00 00 
                00 00 00 00 00 00 00 00 00 00 00 00 
                00 00 00 00 00 00 00 00 00 00 00 00 
                00 00 00 00 00 00 00 00 00 00 00 00 
                00 00 00 00 00 00 00 00 00 00 00 00 
                00 00 00 00 00 00 00 00 00 00 00 00 
                00 00 00 00 00 00 00 00 00 00 00 00 
                00 00 00 00 00 00 00 00 00 00 00 00 
                00 00 00 00 00 00 00 00 00 00 00 00 
                00 00 00 00 00 00 00 00 00 00 00 00 
                00 00 00 00 00 00 00 00 00 00 00 00 
                00 00 00 00 00 00 00 00 00 00 00 00 
                00 00 00 00 00 00 00 00 00 00 00 00 
                00 00 00 00 00 00 00 00 00 00 00 00 
                00 00 00 00 00 00 00 00 00 00 00 00 
                00 00 00 00 00 00 00 00 00 00 00 00 
                00 00 00 00 00 00 00 00 00 00 00 00 
                00 00 00 00 00 00 00 00 00 00 00 00 
                00 00 00 00 00 00 00 00 00 00 00 00 
                00 00 00 00 00 00 00 00 00 00 00 00 
                00 00 00 00 00 00 00 00 00 00 00 00 
                00 00 00 00 00 00 00 00 00 00 00 00 
                00 00 00 00 00 00 00 00 00 00 00 00 
                00 00 00 00 00 00 00 00 00 00 00 00 
                00 00 00 00 00 00 00 00 00 00 00 00 
                00 00 00 00 00 00 00 00 00 00 00 00 
                00 00 00 00 00 00 00 00 00 00 00 00 
                00 00 00 00 00 00 00 00 00 00 00 00 
                00 00 00 00 00 00 00 00 00 00 00 00 
                00 00 00 00 00 00 00 00 00 00 00 00 
                00 00 00 00 00 00 00 00 00 00 00 00 
                00 00 00 00 00 00 00 00 00 00 00 00 
                00 00 00 00 00 00 00 00 00 00 00 00 
                00 00 00 00 00 00 00 00 00 00 00 00 
                00 00 00 00 00 00 00 00 00 00 00 00 
                00 00 00 00 00 00 00 00 00 00 00 00 
                00 00 00 00 00 00 00 00 00 00 00 00 
                00 00 00 00 00 00 00 00 00 00 00 00 
                00 00 00 00 00 00 00 00 00 00 00 00 
                00 00 00 00 00 00 00 00 00 00 00 00 
                00 00 00 00 00 00 00 00 00 00 00 00 
                00 00 00 00 00 00 00 00 00 00 00 00 
                00 00 00 00 00 00 00 00 00 00 00 00 
                00 00 00 00 00 00 00 00 00 00 00 00 
                00 00 00 00 00 00 00 00 00 00 00 00 
                00 00 00 00 00 00 00 00 00 00 00 00 
                00 00 00 00 00 00 00 00 00 00 00 00 
                00 00 00 00 00 00 00 00 00 00 00 00 
                00 00 00 00 00 00 00 00 00 00 00 00 
                00 00 00 00 00 00 00 00 00 00 00 00 
                00 00 00 00 00 00 00 00 00 00 00 00 
                00 00 00 00 00 00 00 00 00 00 00 00 
                00 00 00 00 00 00 00 00 00 00 00 00 
                00 00 00 00 00 00 00 00 00 00 00 00 
                00 00 00 00 00 00 00 00 00 00 00 00 
                00 00 00 00 00 00 00 00 00 00 00 00 
                00 00 00 00 00 00 00 00 00 00 00 00 
                00 00 00 00 00 00 00 00 00 00 00 00 
                00 00 00 00 00 00 00 00 00 00 00 00 
                00 00 00 00 00 00 00 00 00 00 00 00 
                00 00 00 00 00 00 00 00 00 00 00 00 
                00 00 00 00 00 00 00 00 00 00 00 00 
                00 00 00 00 00 00 00 00 00 00 00 00 
                00 00 00 00 00 00 00 00 00 00 00 00 
                00 00 00 00 00 00 00 00 00 00 00 00 
                00 00 00 00 00 00 00 00 00 00 00 00 
                00 00 00 00 00 00 00 00 00 00 00 00 
                00 00 00 00 00 00 00 00 00 00 00 00 
                00 00 00 00 00 00 00 00 00 00 00 00 
                00 00 00 00 00 00 00 00 00 00 00 00 
                00 00 00 00 00 00 00 00 00 00 00 00 
                00 00 00 00 00 00 00 00 00 00 00 00 
                00 00 00 00 00 00 00 00 00 00 00 00 
                00 00 00 00 00 00 00 00 00 00 00 00 
                00 00 00 00 00 00 00 00 00 00 00 00 
                00 00 00 00 00 00 00 00 00 00 00 00 
                00 00 00 00 00 00 00 00 00 00 00 00 
                00 00 00 00 00 00 00 00 00 00 00 00 
                00 00 00 00 00 00 00 00 00 00 00 00 
                00 00 00 00 00 00 00 00 00 00 00 00 
                00 00 00 00 00 00 00 00 00 00 00 00 
                00 00 00 00 00 00 00 00 00 00 00 00 
                00 00 00 00 00 00 00 00 00 00 00 00 
                00 00 00 00 00 00 00 00 00 00 00 00 
                00 00 00 00 00 00 00 00 00 00 00 00 
                00 00 00 00 00 00 00 00 00 00 00 00 
                00 00 00 00 00 00 00 00 00 00 00 00 
                00 00 00 00 00 00 00 00 00 00 00 00 
                00 00 00 00 00 00 00 00 00 00 00 00 
                00 00 00 00 00 00 00 00 00 00 00 00 
                00 00 00 00 00 00 00 00 00 00 00 00 
                00 00 00 00 00 00 00 00 00 00 00 00 
                00 00 00 00 00 00 00 00 00 00 00 00 
                00 00 00 00 00 00 00 00 00 00 00 00 
                00 00 00 00 00 00 00 00 00 00 00 00 
                00 00 00 00 00 00 00 00 00 00 00 00 
                00 00 00 00 00 00 00 00 00 00 00 00 
                00 00 00 00 00 00 00 00 00 00 00 00 
                00 00 00 00 00 00 00 00 00 00 00 00 
                00 00 00 00 00 00 00 00 00 00 00 00 
                00 00 00 00 00 00 00 00 00 00 00 00 
                00 00 00 00 00 00 00 00 00 00 00 00 
                00 00 00 00 00 00 00 00 00 00 00 00 
                00 00 00 00 00 00 00 00 00 00 00 00 
                00 00 00 00 00 00 00 00 00 00 00 00 
                00 00 00 00 00 00 00 00 00 00 00 00 
                00 00 00 00 00 00 00 00 00 00 00 00 
                00 00 00 00 00 00 00 00 00 00 00 00 
                00 00 00 00 00 00 00 00 00 00 00 00 
                00 00 00 00 00 00 00 00 00 00 00 00 
                00 00 00 00 00 00 00 00 00 00 00 00 
                00 00 00 00 00 00 00 00 00 00 00 00 
                00 00 00 00 00 00 00 00 00 00 00 00 
                00 00 00 00 00 00 00 00 00 00 00 00 
                00 00 00 00 00 00 00 00 00 00 00 00 
                00 00 00 00 00 00 00 00 00 00 00 00 
                00 00 00 00 00 00 00 00 00 00 00 00 
                00 00 00 00 00 00 00 00 00 00 00 00 
                00 00 00 00 00 00 00 00 00 00 00 00 
                00 00 00 00 00 00 00 00 00 00 00 00 
                00 00 00 00 00 00 00 00 00 00 00 00 
                00 00 00 00 00 00 00 00 00 00 00 00 
                00 00 00 00 00 00 00 00 00 00 00 00 
                00 00 00 00 00 00 00 00 00 00 00 00 
                00 00 00 00 00 00 00 00 00 00 00 00 
                00 00 00 00 00 00 00 00 00 00 00 00 
                00 00 00 00 00 00 00 00 00 00 00 00 
                00 00 00 00 00 00 00 00 00 00 00 00 
                00 00 00 00 00 00 00 00 00 00 00 00 
                00 00 00 00 00 00 00 00 00 00 00 00 
                00 00 00 00 00 00 00 00 00 00 00 00 
                00 00 00 00 00 00 00 00 00 00 00 00 
                00 00 00 00 00 00 00 00 00 00 00 00 
                00 00 00 00 00 00 00 00 00 00 00 00 
                00 00 00 00 00 00 00 00 00 00 00 00 
                00 00 00 00 00 00 00 00 00 00 00 00 
                00 00 00 00 00 00 00 00 00 00 00 00 
                00 00 00 00 00 00 00 00 00 00 00 00 
                00 00 00 00 00 00 00 00 00 00 00 00 
                00 00 00 00 00 00 00 00 00 00 00 00 
                00 00 00 00 00 00 00 00 00 00 00 00 
                00 00 00 00 00 00 00 00 00 00 00 00 
                00 00 00 00 00 00 00 00 00 00 00 00 
                00 00 00 00 00 00 00 00 00 00 00 00 
                00 00 00 00 00 00 00 00 00 00 00 00 
                00 00 00 00 00 00 00 00 00 00 00 00 
                00 00 00 00 00 00 00 00 00 00 00 00 
                00 00 00 00 00 00 00 00             
[  13]        :                                       
[  14]    08DE: 00 00                                 edit dw 0
[  15]        :                                       
[  16]    08E0:                                       .code
[  17]        :                                       
[  18]        :                                       
[  19]    08E0:                                       start:
[  20]        :                                       
[  21]    08E0: B4 06                                 mov ah,06h		        ; set background color
[  22]    08E2: B0 00                                 mov al, 00h
[  23]    08E4: 33 C9                                 xor cx, cx
[  24]    08E6: BA 4F 18                              mov dx,184fh
[  25]    08E9: B7 4E                                 mov bh,4eh
[  26]    08EB: CD 10                                 int 10h
[  27]        :                                       
[  28]    08ED: B4 03                                 mov ah, 3
[  29]    08EF: CD 10                                 int 10h
[  30]    08F1: B4 02                                 mov ah, 02h
[  31]    08F3: B6 00                                 mov dh, 0		; set initial cursor for reading/writing buffer
[  32]    08F5: B2 00                                 mov dl, 0
[  33]    08F7: B7 00                                 mov bh, 0
[  34]    08F9: CD 10                                 int 10h
[  35]        :                                       
[  36]    08FB: B4 3D                                 mov ah, 3dh				; open file for reading (txt3)
[  37]    08FD: B0 00                                 mov al, 0
[  38]    08FF: BA 03 01                              mov dx, offset filename
[  39]    0902: CD 21                                 int 21h
[  40]    0904: A3 0C 01                              mov handle, ax
[  41]        :                                       
[  42]    0907: B4 3F                                 mov ah, 3fh				     ; read from file (txt3)
[  43]    0909: 8B 1E 0C 01                           mov bx, handle
[  44]    090D: B9 D0 07                              mov cx, 2000
[  45]    0910: BA 0E 01                              mov dx, offset buffer
[  46]    0913: CD 21                                 int 21h
[  47]        :                                       
[  48]    0915: BA 0E 01                              mov dx, offset buffer
[  49]    0918: 03 D0                                 add dx, ax
[  50]    091A: 8B DA                                 mov bx, dx
[  51]    091C: C6 07 24                              mov byte ptr [bx], '$'
[  52]        :                                       
[  53]    091F: BA 0E 01                              mov dx, offset buffer	      ; print data read (txt3)
[  54]    0922: B4 09                                 mov ah, 9
[  55]    0924: CD 21                                 int 21h
[  56]        :                                       
[  57]    0926: B4 03                                 mov ah, 3
[  58]    0928: CD 10                                 int 10h
[  59]    092A: B4 02                                 mov ah, 02h
[  60]    092C: B6 00                                 mov dh, 0		         ; set cursor at beginning again
[  61]    092E: B2 00                                 mov dl, 0
[  62]    0930: B7 00                                 mov bh, 0
[  63]    0932: CD 10                                 int 10h
[  64]        :                                       
[  65]    0934: B4 3E                                 mov ah, 3eh                   ; close file (txt3)
[  66]    0936: 8B 1E 0C 01                           mov bx, handle
[  67]    093A: CD 21                                 int 21h
[  68]        :                                       
[  69]    093C: BE 0E 01                              mov si, offset buffer         ; user inputs
[  70]    093F:                                       input:
[  71]    093F: B4 00                                 mov ah, 0
[  72]    0941: CD 16                                 int 16h
[  73]        :                                       
[  74]    0943: 80 FC 4D                              cmp ah, 4Dh           ; right Arrow key (key code)
[  75]    0946: 74 2E                                 je right
[  76]        :                                       
[  77]    0948: 80 FC 4B                              cmp ah, 4Bh           ; left Arrow key (key code)
[  78]    094B: 74 37                                 je left
[  79]        :                                       
[  80]    094D: 3C 08                                 cmp al, 8             ; backspace key (ascii)
[  81]    094F: 74 52                                 je erase
[  82]        :                                       
[  83]    0951: 3C 1B                                 cmp al, 27            ; escape key (ascii)
[  84]    0953: 74 6E                                 je exit
[  85]        :                                       
[  86]    0955: 3C 09                                 cmp al, 9             ; tab key (ascii)
[  87]    0957: 74 39                                 je tab
[  88]        :                                       
[  89]    0959: 88 04                                 mov [si], al          ; anything else, write in buffer
[  90]    095B: 46                                    inc si
[  91]    095C: C7 06 DE 08 01 00                     mov edit, 1
[  92]        :                                       
[  93]    0962: B4 0A                                 mov ah,0ah            ; print character in buffer
[  94]    0964: B9 01 00                              	mov cx,1
[  95]    0967: B7 00                                 	mov bh,0
[  96]    0969: CD 10                                 	int 10h
[  97]        :                                       
[  98]    096B: 80 C2 01                              	add dl, 1
[  99]    096E: B4 02                                 	mov ah, 2
[ 100]    0970: B7 00                                 	mov bh, 0
[ 101]    0972: CD 10                                 	int 10h
[ 102]        :                                       
[ 103]    0974: EB C9                                 	jmp input
[ 104]        :                                       
[ 105]    0976:                                       right:
[ 106]    0976: 46                                    inc si
[ 107]    0977: B4 03                                 mov ah, 3
[ 108]    0979: CD 10                                 int 10h
[ 109]        :                                       
[ 110]    097B: B4 02                                 mov ah, 2           ; move cursor right one space
[ 111]    097D: 80 C2 01                              add dl, 1
[ 112]    0980: CD 10                                 int 10h
[ 113]        :                                       
[ 114]    0982: EB BB                                 jmp input
[ 115]        :                                       
[ 116]    0984:                                       left:
[ 117]    0984: 4E                                    dec si
[ 118]    0985: B4 03                                 mov ah, 3
[ 119]    0987: CD 10                                 int 10h
[ 120]        :                                       
[ 121]    0989: B4 02                                 mov ah, 2           ; move cursor left one space
[ 122]    098B: 80 EA 01                              sub dl, 1
[ 123]    098E: CD 10                                 int 10h
[ 124]        :                                       
[ 125]    0990: EB AD                                 jmp input
[ 126]        :                                       
[ 127]    0992:                                       tab:
[ 128]    0992: B4 03                                 mov ah, 3
[ 129]    0994: CD 10                                 int 10h
[ 130]        :                                       
[ 131]    0996: B4 02                                 mov ah, 2           ; move cursor right four spaces
[ 132]    0998: 80 C2 04                              add dl, 4
[ 133]    099B: CD 10                                 int 10h
[ 134]        :                                       
[ 135]    099D: 46                                    inc si
[ 136]    099E: 46                                    inc si
[ 137]    099F: 46                                    inc si
[ 138]    09A0: 46                                    inc si
[ 139]        :                                       
[ 140]    09A1: EB 9C                                 jmp input
[ 141]        :                                       
[ 142]    09A3:                                       erase:
[ 143]        :                                       
[ 144]    09A3: B4 02                                 	mov ah,02h
[ 145]    09A5: 80 EA 01                              	sub dl, 1
[ 146]    09A8: B7 00                                 	mov bh,0
[ 147]    09AA: CD 10                                 	int 10h
[ 148]        :                                       
[ 149]    09AC: B4 0A                                 	mov ah,0ah
[ 150]    09AE: B0 20                                 	mov al,WS
[ 151]    09B0: B9 01 00                              	mov cx,1
[ 152]    09B3: CD 10                                 	int 10h
[ 153]        :                                       
[ 154]    09B5: 4E                                    dec si
[ 155]    09B6: B0 20                                 mov al, WS
[ 156]    09B8: 88 04                                 mov [si], al
[ 157]    09BA: C7 06 DE 08 01 00                     mov edit, 1
[ 158]    09C0: E9 7C FF                              	jmp input
[ 159]        :                                       
[ 160]    09C3:                                       exit:
[ 161]        :                                       
[ 162]    09C3: 83 3E DE 08 00                        cmp edit, 0
[ 163]    09C8: 74 22                                 	je close
[ 164]        :                                       
[ 165]    09CA: B4 3D                                 mov ah, 3dh         ; open file for writing (txt3)
[ 166]    09CC: B0 01                                 mov al, 1
[ 167]    09CE: BA 03 01                              mov dx, offset filename
[ 168]    09D1: CD 21                                 int 21h
[ 169]    09D3: A3 0C 01                              mov handle, ax
[ 170]        :                                       
[ 171]    09D6: B4 40                                 mov ah, 40h
[ 172]    09D8: 8B 1E 0C 01                           mov bx, handle          ; write to file (txt3)
[ 173]    09DC: B9 D0 07                              mov cx, word ptr 2000
[ 174]    09DF: BA 0E 01                              mov dx, offset buffer
[ 175]    09E2: CD 21                                 int 21h
[ 176]        :                                       
[ 177]    09E4: B4 3E                                 mov ah, 3eh     ; close file (txt3)
[ 178]    09E6: 8B 1E 0C 01                           mov bx, handle
[ 179]    09EA: CD 21                                 int 21h
[ 180]        :                                       
[ 181]    09EC:                                       close:
[ 182]    09EC: B8 03 00                              mov ax, 003h
[ 183]    09EF: CD 10                                 int 10h
[ 184]        :                                       
[ 185]    09F1: B4 4C                                 	mov ah, 4ch     ; quit
[ 186]    09F3: CD 21                                 	int 21h
[ 187]        :                                       
[ 188]        :                                       end start
[ 189]        :                                       
 
===================================================================================================
 




===================================================================================================
